1308
1345
1357
1351
1401
1390
1338
1346
1325
1332
1417
1422
1420
1478
1489
1478
1385
1389
1358
1355
1393
1381
1360
1408
1404
1436
1433
1475
1507
1509
1540
1580
1582
1579
1544
1519
1559
1546
1552
1553
1572
1581
1627
1650
1641
1607
1630
1628
1698
1671
1711
1715
1700
1697
1637
1610
1604
1615
1605
1594
1551
1577
1606
1612
1637
1592
1531
1505
1476
1489
1512
1592
1631
1675
1686
1677
1677
1706
1716
1816
1809
1709
1688
1629
1639
1639
1639
1655
1692
1697
1690
1710
1683
1705
1665
1660
1571
1615
1634
1630
1643
1651
1655
1676
1673
1724
1659
1661
1666
1696
1663
1663
1668
1661
1673
1670
1699
1769
1772
1753
1738
1746
1663
1628
1589
1616
1604
1571
1561
1552
1549
1588
1630
1651
1622
1582
1556
1578
1567
1604
1641
1571
1557
1661
1660
1606
1614
1610
1623
1592
1552
1548
1532
1592
1621
1582
1564
1558
1637
1490
1500
1674
1432
1390
1365
1419
1335
1346
1257
1311
1282
1292
1293
1303
1309
1309
1296
1314
1240
1283
1258
1309
1263
1293
1210
1161
1193
1274
1278
1308
1295
1285
1303
1297
1191
1299
1297
1301
1268
1259
1271
1301
1300
1292
1290
1307
1294
1308
1305
1277
1297
1292
1304
1294
1281
1297
1294
1299
1301
1302
1281
1259
1305
1308
1288
1290
1291
1295
1300
1306
1306
1303
1287
1276
1270
1270
1262
1288
1250
1251
1212
1230
1284
1297
1306
1299
1307
1305
1306
1304
1307
1308
1305
1290
1266
1275
1308
1279
1306
1302
1290
1203
1273
1292
1294
1307
1276
1271
1264
1300
1283
1306
1306
1304
1286
1306
1301
1284
1284
1298
1249
1144
1158
1146
1187
1180
1236
1178
1164
1177
1184
1264
1209
1285
1221
1291
1303
1289
1282
1280
1297
1281
1200
1255
1243
1295
1295
1271
1307
1290
1276
1253
1288
1304
1297
1287
1302
1308
1280
1288
1275
1269
1291
1293
1308
1294
1268
1290
1303
1298
1301
1256
1293
1259
1267
1305
1290
1286
1304
1308
1292
1277
1306
1290
1305
1285
1308
1303
1304
1252
1274
1303
1284
1305
1305
1306
1304
1304
1303
1300
1287
1307
1286
1308
1242
1246
1248
1259
1264
1271
1308
1298
1307
1301
1305
1233
1265
1278
1278
1293
1307
1291
1268
1298
1303
1308
1306
1282
1297
1290
1289
1289
1308
1287
1287
1288
1296
1307
1270
1303
1301
1291
1247
1296
1259
1304
1304
1301
1292
1296
1306
1296
1306
1294
1289
1251
1261
1308
1281
1306
1289
1298
1277
1290
1289
1300
1300
1289
1286
1285
1298
1289
1293
1308
1293
1301
1291
1301
1299
1299
1280
1294
1287
1296
1293
1296
1279
1279
1267
1277
1278
1278
1281
1280
1302
1265
1307
1301
1298
1280
1296
1291
1304
1285
1275
1281
1280
1306
1285
1278
1308
1307
1291
1304
1270
1293
1308
1272
1307
1306
1292
1303
1299
1299
1289
1287
1298
1299
1306
1290
1288
1295
1297
1308
1273
1299
1281
1276
1291
1305
1299
1291
1289
1304
1299
1303
1262
1294
1308
1307
1289
1266
1246
1242
1261
1307
1281
1297
1291
1306
1289
1296
1245
1265
1277
1298
1286
1296
1282
1298
1286
1289
1300
1289
1238
1228
1304
1300
1306
1287
1260
1240
1256
1302
1303
1273
1284
1279
1284
1308
1301
1291
1294
1281
1303
1225
1280
1304
1289
1293
1252
1264
1269
1286
1271
1267
1268
1277
1273
1289
1299
1308
1251
1300
1298
1297
1302
1256
1287
1276
1273
1273
1294
1287
1271
1279
1292
1266
1265
1308
1295
1306
1297
1293
1273
1277
1305
1306
1305
1283
1300
1301
1279
1296
1284
1296
1271
1250
1251
1252
1277
1302
1294
1307
1306
1299
1286
1283
1282
1291
1283
1288
1303
1272
1276
1301
1278
1278
1305
1262
1296
1245
1275
1234
1288
1303
1280
1266
1288
1303
1306
1291
1286
1298
1295
1307
1298
1305
1305
1232
1238
1281
1276
1277
1304
1301
1304
1305
1284
1301
1235
1246
1229
1254
1299
1293
1284
1279
1298
1300
1303
1279
1302
1302
1302
1304
1279
1287
1257
1298
1285
1283
1290
1307
1307
1281
1299
1289
1307
1306
1253
1232
1305
1301
1281
1294
1303
1301
1304
1303
1304
1308
1278
1294
1292
1308
1287
1281
1296
1296
1269
1287
1303
1288
1291
1288
1287
1271
1306
1300
1286
1305
1297
1301
1299
1274
1260
1283
1281
1265
1227
1225
1230
1245
1268
1301
1300
1308
1295
1305
1308
1300
1299
1301
1285
1296
1299
1308
1285
1304
1308
1303
1302
1269
1282
1297
1293
1301
1292
1301
1302
1281
1248
1277
1289
1308
1292
1255
1269
1265
1262
1252
1274
1283
1285
1285
1290
1308
1307
1300
1300
1287
1281
1304
1263
1291
1295
1305
1286
1301
1260
1272
1297
1293
1301
1300
1296
1305
1268
1277
1248
1261
1248
1215
1239
1243
1263
1306
1294
1274
1300
1265
1292
1286
1282
1303
1303
1307
1301
1281
1305
1296
1291
1306
1293
1281
1281
1296
1308
1270
1254
1254
1256
1260
1306
1305
1305
1282
1272
1301
1274
1288
1302
1295
1302
1304
1301
1300
1299
1288
1274
1276
1304
1303
1297
1243
1272
1281
1283
1305
1290
1284
1259
1235
1252
1293
1299
1304
1300
1299
1301
1307
1289
1276
1247
1306
1296
1264
1304
1297
1292
1292
1271
1286
1275
1288
1276
1286
1266
1299
1283
1298
1277
1280
1292
1292
1303
1294
1302
1306
1300
1300
1296
1288
1288
1304
1286
1296
1212
1265
1260
1275
1275
1286
1280
1278
1261
1308
1304
1299
1274
1279
1304
1299
1305
1294
1289
1281
1295
1307
1306
1303
1297
1300
1291
1307
1306
1284
1305
1265
1302
1306
1291
1280
1259
1277
1299
1276
1299
1296
1270
1269
1292
1284
1278
1298
1306
1274
1266
1299
1308
1297
1262
1306
1304
1278
1300
1306
1307
1308
1270
1246
1277
1277
1285
1287
1298
1290
1300
1308
1308
1296
1306
1272
1268
1292
1295
1279
1290
1278
1277
1292
1267
1255
1273
1253
1303
1302
1299
1298
1308
1308
1282
1304
1339
1389
1348
1357
1396
1492
1508
1515
1537
1572
1560
1574
1597
1626
1596
1626
1656
1640
1669
1692
1694
1698
1691
1671
1667
1686
1704
1690
1686
1686
1640
1619
1649
1683
1682
1700
1729
1709
1683
1671
1648
1658
1678
1666
1655
1666
1673
1663
1621
1609
1638
1631
1691
1680
1684
1665
1637
1649
1624
1634
1621
1592
1585
1613
1620
1653
1724
1647
1700
1707
1706
1706
1668
1596
1607
1684
1640
1656
1639
1626
1683
1659
1692
1668
1602
1610
1608
1678
1643
1670
1659
1634
1658
1624
1643
1521
1514
1523
1385
1531
1566
1583
1408
1349
1392
1340
1307
1330
1286
1321
1306
1306
1311
1249
1307
1302
1260
1304
1307
1308
1291
1297
1285
1239
1231
1144
1165
1151
1174
1165
1211
1210
1272
1256
1269
1292
1296
1308
1295
1300
1303
1279
1293
1254
1228
1244
1299
1308
1290
1300
1308
1296
1293
1292
1258
1248
1227
1268
1287
1298
1268
1254
1303
1307
1267
1259
1292
1221
1274
1275
1297
1302
1268
1251
1256
1255
1246
1289
1301
1298
1299
1304
1304
1303
1305
1306
1291
1297
1293
1298
1304
1305
1262
1295
1299
1287
1296
1297
1302
1272
1290
1303
1296
1254
1295
1267
1289
1300
1305
1286
1289
1304
1296
1286
1292
1305
1280
1299
1303
1277
1305
1305
1282
1243
1281
1281
1289
1289
1308
1305
1294
1294
1300
1300
1256
1279
1288
1271
1277
1288
1298
1279
1250
1272
1288
1305
1305
1297
1300
1289
1288
1298
1308
1302
1302
1288
1213
1306
1279
1289
1305
1291
1291
1296
1243
1304
1305
1295
1298
1281
1306
1295
1306
1292
1277
1289
1298
1306
1289
1306
1305
1305
1303
1263
1263
1263
1300
1291
1300
1297
1269
1269
1265
1290
1241
1229
1195
1164
1217
1277
1278
1288
1296
1287
1288
1298
1272
1289
1302
1307
1273
1257
1247
1245
1246
1299
1306
1293
1305
1303
1295
1288
1297
1304
1294
1300
1291
1285
1277
1263
1262
1288
1307
1307
1280
1307
1288
1308
1306
1306
1276
1277
1303
1296
1300
1272
1303
1307
1279
1304
1301
1298
1294
1294
1292
1282
1307
1308
1295
1300
1299
1270
1305
1305
1305
1267
1206
1293
1305
1272
1291
1291
1291
1282
1307
1290
1295
1293
1283
1304
1307
1308
1230
1308
1290
1289
1305
1280
1308
1292
1270
1256
1304
1304
1267
1305
1284
1298
1268
1268
1283
1276
1281
1301
1301
1296
1308
1306
1303
1301
1305
1289
1290
1289
1289
1290
1302
1278
1288
1291
1291
1283
1287
1303
1288
1261
1270
1293
1286
1254
1288
1303
1293
1305
1219
1227
1244
1277
1268
1293
1306
1299
1305
1302
1295
1289
1286
1306
1301
1304
1304
1303
1290
1297
1308
1284
1301
1308
1307
1287
1279
1300
1291
1306
1273
1294
1306
1302
1287
1282
1285
1272
1304
1286
1296
1282
1305
1307
1305
1301
1287
1259
1263
1275
1307
1290
1278
1303
1300
1292
1256
1247
1264
1253
1303
1296
1302
1301
1288
1290
1279
1307
1277
1290
1304
1306
1308
1244
1260
1308
1308
1302
1255
1254
1228
1256
1240
1222
1239
1295
1303
1276
1290
1300
1308
1291
1298
1304
1267
1296
1307
1277
1299
1275
1308
1305
1297
1302
1291
1285
1303
1285
1287
1307
1306
1297
1297
1292
1279
1295
1284
1304
1298
1297
1307
1298
1286
1283
1301
1303
1281
1264
1297
1278
1297
1299
1302
1294
1308
1288
1299
1299
1307
1279
1290
1274
1255
1260
1306
1258
1304
1267
1264
1297
1292
1293
1279
1274
1286
1291
1308
1307
1275
1306
1289
1289
1289
1306
1301
1300
1302
1293
1255
1236
1283
1270
1283
1302
1305
1303
1307
1304
1253
1258
1274
1263
1252
1257
1267
1263
1253
1247
1295
1300
1296
1263
1267
1308
1308
1291
1286
1293
1287
1300
1276
1307
1273
1272
1298
1282
1308
1308
1307
1302
1269
1305
1305
1230
1229
1229
1295
1269
1300
1300
1294
1302
1303
1301
1306
1304
1255
1301
1305
1306
1285
1295
1289
1299
1244
1275
1305
1307
1274
1305
1259
1301
1291
1298
1286
1307
1308
1303
1280
1307
1300
1287
1303
1270
1293
1267
1288
1290
1305
1303
1304
1280
1306
1301
1307
1288
1296
1296
1289
1265
1295
1287
1271
1307
1284
1301
1299
1304
1298
1294
1304
1304
1304
1306
1282
1308
1289
1307
1306
1280
1271
1278
1267
1304
1300
1304
1306
1263
1294
1302
1295
1291
1273
1233
1260
1251
1283
1302
1297
1288
1290
1297
1307
1302
1297
1305
1295
1297
1281
1302
1306
1287
1293
1273
1262
1308
1306
1274
1303
1299
1297
1291
1290
1298
1276
1292
1287
1272
1305
1290
1308
1302
1304
1300
1305
1301
1285
1296
1231
1252
1256
1269
1278
1283
1265
1270
1281
1300
1295
1305
1300
1285
1284
1308
1290
1290
1299
1304
1306
1305
1276
1282
1299
1300
1303
1299
1306
1293
1258
1295
1282
1304
1275
1302
1289
1298
1272
1241
1279
1247
1247
1230
1230
1238
1297
1301
1308
1276
1277
1300
1306
1307
1302
1286
1308
1308
1306
1298
1276
1253
1308
1299
1294
1292
1289
1306
1301
1308
1304
1290
1290
1297
1289
1251
1246
1240
1253
1308
1308
1277
1297
1286
1306
1242
1242
1271
1303
1295
1294
1303
1301
1298
1304
1305
1305
1292
1280
1288
1284
1292
1298
1302
1291
1275
1303
1291
1271
1279
1294
1274
1303
1308
1308
1296
1297
1302
1267
1304
1300
1300
1303
1298
1306
1308
1299
1307
1266
1291
1292
1299
1308
1308
1298
1297
1307
1308
1308
1282
1269
1281
1279
1299
1258
1266
1274
1295
1301
1301
1280
1299
1279
1306
1302
1285
1291
1299
1280
1280
1276
1274
1251
1290
1294
1292
1303
1278
1304
1306
1302
1258
1294
1276
1288
1305
1296
1300
1257
1307
1307
1287
1297
1299
1302
1299
1305
1302
1302
1277
1308
1279
1232
1230
1280
1282
1282
1281
1306
1308
1304
1303
1301
1289
1301
1305
1306
1303
1303
1294
1304
1303
1294
1294
1293
1293
1308
1304
1380
1409
1436
1476
1565
1565
1590
1514
1536
1572
1559
1636
1628
1648
1659
1695
1624
1667
1651
1643
1673
1721
1644
1630
1655
1665
1696
1707
1652
1667
1662
1653
1631
1683
1705
1700
1616
1639
1702
1693
1699
1716
1716
1658
1586
1696
1691
1722
1724
1713
1725
1738
1712
1704
1690
1664
1658
1689
1673
1695
1678
1654
1584
1596
1636
1688
1688
1706
1677
1637
1611
1663
1680
1560
1566
1563
1546
1542
1477
1492
1563
1575
1514
1505
1621
1550
1634
1548
1496
1581
1427
1363
1363
1411
1328
1315
1324
1271
1264
1280
1237
1267
1254
1297
1293
1308
1302
1247
1256
1298
1303
1264
1308
1282
1264
1261
1307
1269
1289
1295
1300
1300
1299
1285
1302
1276
1304
1274
1267
1282
1283
1304
1301
1253
1288
1293
1307
1260
1283
1248
1307
1307
1307
1289
1272
1298
1287
1307
1289
1305
1304
1268
1268
1288
1225
1275
1293
1230
1263
1293
1299
1291
1302
1305
1305
1271
1274
1258
1248
1259
1282
1282
1294
1304
1308
1300
1299
1295
1297
1301
1300
1306
1304
1288
1282
1297
1304
1284
1243
1297
1302
1308
1301
1302
1249
1303
1294
1285
1299
1297
1295
1281
1263
1285
1285
1257
1296
1296
1278
1294
1233
1294
1284
1292
1305
1281
1306
1294
1308
1304
1292
1271
1292
1308
1305
1282
1266
1296
1283
1280
1303
1275
1268
1262
1283
1289
1289
1305
1279
1300
1301
1306
1272
1292
1301
1292
1273
1285
1303
1265
1295
1284
1308
1298
1289
1254
1259
1234
1289
1306
1306
1289
1299
1291
1284
1297
1300
1260
1288
1298
1291
1287
1287
1304
1289
1290
1241
1295
1284
1259
1267
1298
1304
1302
1298
1304
1298
1286
1263
1270
1301
1297
1304
1308
1270
1283
1282
1281
1278
1301
1302
1307
1269
1298
1247
1303
1294
1283
1308
1305
1298
1305
1284
1284
1286
1299
1288
1292
1308
1292
1299
1301
1281
1277
1266
1294
1297
1302
1293
1292
1308
1296
1303
1258
1295
1308
1307
1298
1293
1307
1295
1277
1277
1305
1294
1280
1281
1300
1300
1279
1304
1271
1308
1295
1285
1282
1289
1292
1247
1262
1308
1287
1299
1305
1305
1299
1305
1286
1303
1297
1282
1302
1306
1253
1260
1285
1247
1253
1305
1289
1306
1235
1299
1297
1307
1308
1302
1301
1259
1265
1304
1289
1291
1305
1306
1296
1306
1293
1289
1305
1296
1308
1278
1278
1256
1242
1272
1263
1219
1282
1300
1286
1295
1275
1267
1290
1288
1289
1298
1295
1308
1300
1304
1301
1293
1308
1306
1284
1274
1280
1275
1297
1289
1307
1305
1306
1274
1268
1303
1298
1270
1305
1306
1288
1277
1274
1299
1265
1297
1296
1296
1278
1277
1291
1301
1300
1307
1307
1308
1305
1281
1283
1280
1295
1304
1297
1297
1297
1304
1219
1203
1211
1292
1283
1285
1308
1307
1307
1275
1275
1285
1296
1306
1291
1301
1291
1307
1289
1303
1307
1284
1299
1285
1307
1296
1276
1268
1236
1234
1251
1301
1297
1307
1306
1298
1299
1305
1275
1278
1275
1298
1302
1302
1283
1286
1301
1300
1294
1303
1304
1278
1283
1266
1252
1300
1302
1301
1286
1305
1299
1305
1222
1260
1229
1290
1307
1282
1267
1244
1297
1303
1306
1289
1285
1299
1293
1296
1299
1302
1305
1264
1280
1287
1288
1299
1291
1264
1306
1287
1286
1282
1288
1276
1292
1298
1297
1278
1279
1298
1248
1248
1284
1290
1308
1293
1298
1301
1299
1294
1286
1214
1295
1300
1306
1305
1253
1262
1283
1256
1308
1235
1204
1271
1275
1294
1306
1292
1299
1272
1301
1282
1308
1306
1289
1288
1289
1304
1302
1306
1270
1308
1306
1285
1285
1301
1253
1259
1238
1269
1254
1294
1306
1286
1282
1277
1308
1284
1300
1304
1303
1279
1308
1297
1273
1278
1299
1275
1294
1267
1292
1300
1204
1288
1258
1305
1293
1274
1305
1293
1304
1305
1305
1295
1297
1297
1300
1308
1282
1225
1218
1256
1304
1297
1294
1305
1305
1298
1299
1306
1235
1295
1278
1278
1304
1273
1302
1305
1262
1303
1308
1302
1293
1304
1301
1296
1282
1290
1293
1268
1268
1267
1276
1298
1290
1307
1308
1308
1279
1296
1305
1245
1233
1289
1279
1302
1302
1287
1303
1299
1305
1293
1279
1280
1307
1300
1301
1306
1270
1277
1296
1287
1258
1306
1282
1305
1285
1272
1272
1304
1303
1306
1301
1298
1288
1305
1294
1291
1298
1299
1299
1301
1305
1305
1266
1300
1269
1291
1287
1303
1291
1303
1301
1286
1280
1274
1308
1293
1294
1303
1308
1304
1308
1298
1308
1298
1308
1282
1248
1280
1285
1305
1306
1305
1272
1288
1285
1293
1300
1306
1273
1308
1283
1283
1299
1288
1248
1290
1305
1294
1292
1295
1305
1287
1289
1295
1296
1287
1304
1281
1297
1282
1286
1290
1288
1288
1301
1303
1285
1270
1281
1302
1304
1295
1297
1298
1305
1282
1272
1234
1240
1305
1305
1302
1303
1290
1286
1249
1257
1260
1264
1308
1291
1296
1285
1300
1289
1308
1305
1305
1270
1295
1296
1308
1307
1308
1294
1303
1303
1299
1298
1296
1304
1291
1295
1293
1306
1304
1300
1300
1257
1257
1293
1297
1255
1271
1286
1306
1304
1308
1293
1293
1295
1299
1298
1297
1304
1284
1304
1287
1307
1307
1308
1307
1297
1306
1304
1286
1275
1260
1288
1296
1289
1301
1259
1259
1236
1299
1292
1294
1304
1273
1285
1280
1278
1294
1226
1256
1280
1280
1268
1296
1298
1304
1306
1203
1245
1290
1295
1295
1287
1304
1307
1285
1266
1302
1300
1308
1303
1307
1260
1265
1281
1291
1280
1283
1290
1308
1281
1295
1298
1276
1275
1287
1308
1258
1263
1282
1276
1279
1299
1294
1291
1288
1253
1253
1297
1298
1298
1307
1289
1294
1301
1304
1296
1295
1298
1308
1305
1261
1264
1269
1308
1285
1299
1296
1298
1288
1308
1295
1265
1282
1299
1303
1303
1306
1302
1288
1307
1306
1308
1308
1293
1306
1307
1225
1240
1241
1289
1291
1308
1357
1372
1337
1344
1374
1425
1446
1484
1466
1436
1479
1485
1475
1500
1496
1480
1528
1537
1518
1501
1496
1536
1634
1643
1629
1619
1610
1654
1655
1670
1630
1630
1630
1647
1671
1619
1609
1562
1573
1564
1536
1539
1586
1583
1685
1699
1742
1793
1757
1731
1708
1691
1672
1725
1702
1749
1732
1663
1600
1600
1592
1604
1603
1601
1609
1507
1486
1474
1498
1508
1511
1525
1524
1527
1644
1637
1652
1682
1704
1578
1578
1556
1522
1569
1613
1613
1621
1584
1571
1583
1579
1588
1606
1549
1568
1599
1587
1530
1555
1565
1554
1588
1582
1603
1603
1651
1713
1705
1732
1703
1564
1573
1591
1616
1624
1631
1639
1641
1660
1585
1566
1544
1547
1625
1652
1617
1543
1589
1605
1645
1660
1660
1685
1653
1567
1583
1581
1626
1610
1638
1669
1664
1664
1667
1647
1654
1663
1693
1734
1715
1684
1723
1686
1707
1684
1623
1605
1611
1663
1676
1692
1710
1739
1738
1674
1641
1638
1668
1618
1622
1566
1588
1553
1587
1598
1592
1564
1585
1630
1638
1658
1679
1649
1626
1616
1637
1622
1652
1704
1704
1702
1688
1696
1735
1750
1728
1681
1631
1595
1585
1619
1630
1668
1661
1670
1675
1652
1628
1628
1609
1637
1637
1619
1632
1665
1622
1641
1622
1695
1687
1678
1609
1612
1581
1561
1551
1534
1612
1587
1571
1579
1628
1646
1579
1604
1601
1559
1595
1586
1633
1641
1622
1651
1647
1615
1586
1602
1555
1555
1571
1575
1519
1592
1569
1563
1567
1550
1529
1591
1600
1622
1647
1642
1691
1683
1604
1605
1590
1698
1681
1626
1688
1698
1694
1692
1667
1615
1614
1603
1566
1595
1607
1698
1724
1719
1730
1705
1726
1668
1668
1692
1700
1710
1709
1700
1724
1740
1740
1721
1728
1761
1847
1887
1936
1875
1858
1841
1802
1788
1709
1698
1674
1629
1642
1673
1707
1707
1690
1756
1771
1734
1701
1693
1681
1684
1716
1719
1712
1666
1619
1615
1647
1660
1670
1667
1622
1575
1589
1554
1530
1560
1607
1622
1641
1631
1627
1636
1644
1632
1638
1754
1688
1686
1645
1649
1665
1660
1574
1576
1593
1593
1624
1630
1567
1553
1446
1459
1515
1527
1540
1511
1528
1500
1462
1446
1437
1439
1370
1394
1410
1426
1428
1386
1385
1390
1421
1417
1435
1523
1570
1613
1651
1744
1773
1846
1791
1762
1766
1753
1740
1744
1707
1688
1670
1638
1633
1607
1607
1581
1591
1591
1613
1572
1605
1577
1635
1633
1581
1573
1602
1595
1656
1638
1536
1521
1595
1624
1625
1597
1613
1598
1624
1594
1597
1606
1654
1640
1521
1510
1482
1511
1585
1610
1583
1596
1582
1556
1558
1572
1575
1589
1580
1551
1519
1517
1450
1470
1461
1450
1487
1474
1463
1516
1528
1558
1611
1611
1552
1656
1665
1666
1676
1678
1634
1592
1570
1621
1620
1631
1615
1634
1653
1645
1645
1683
1667
1661
1627
1712
1768
1776
1767
1785
1776
1797
1785
1783
1767
1756
1769
1766
1779
1764
1788
1849
1770
1759
1767
1789
1826
1803
1730
1792
1805
1793
1782
1795
1778
1772
1614
1589
1575
1577
1630
1659
1654
1708
1690
1665
1567
1563
1561
1563
1551
1562
1581
1597
1599
1609
1596
1536
1533
1543
1534
1510
1500
1451
1450
1488
1493
1479
1541
1514
1509
1480
1482
1451
1438
1444
1396
1438
1403
1406
1401
1407
1434
1517
1557
1538
1529
1504
1500
1522
1442
1506
1530
1549
1501
1471
1489
1492
1485
1569
1592
1549
1405
1430
1438
1453
1457
1481
1478
1514
1561
1539
1587
1618
1643
1643
1592
1615
1624
1674
1666
1643
1633
1650
1655
1653
1679
1693
1652
1661
1663
1665
1665
1698
1775
1755
1731
1797
1721
1723
1762
1757
1716
1718
1781
1775
1749
1825
1820
1809
1781
1769
1787
1787
1787
1788
1794
1838
1830
1829
1845
1775
1773
1798
1762
1767
1738
1738
1767
1765
1807
1863
1856
1825
1831
1801
1820
1820
1794
1742
1716
1714
1731
1720
1767
1801
1736
1713
1746
1714
1757
1833
1850
1843
1872
1876
1837
1762
1764
1747
1635
1587
1583
1537
1486
1464
1443
1443
1447
1474
1457
1453
1401
1446
1445
1438
1562
1528
1552
1555
1549
1585
1547
1574
1531
1538
1527
1527
1545
1512
1576
1633
1625
1648
1635
1629
1684
1700
1702
1690
1667
1730
1760
1675
1628
1674
1559
1569
1527
1542
1577
1581
1616
1662
1569
1605
1633
1624
1597
1566
1561
1569
1564
1577
1606
1554
1564
1595
1625
1633
1628
1573
1606
1568
1586
1586
1637
1667
1685
1680
1689
1660
1735
1646
1636
1636
1621
1500
1498
1518
1500
1499
1613
1631
1586
1597
1608
1611
1585
1598
1680
1722
1722
1750
1683
1684
1665
1644
1630
1659
1667
1714
1753
1798
1775
1765
1782
1790
1790
1768
1750
1793
1800
1801
1825
1781
1770
1791
1808
1776
1749
1726
1703
1721
1706
1708
1645
1610
1575
1630
1613
1651
1637
1693
1701
1701
1722
1702
1727
1745
1755
1622
1653
1649
1667
1660
1668
1658
1620
1637
1582
1499
1507
1473
1493
1507
1556
1536
1555
1601
1644
1632
1627
1658
1627
1638
1603
1588
1581
1596
1599
1561
1533
1485
1459
1451
1543
1574
1574
1567
1603
1641
1587
1528
1577
1565
1621
1616
1635
1593
1610
1615
1675
1679
1703
1684
1661
1670
1694
1688
1669
1610
1615
1616
1572
1625
1586
1630
1640
1638
1674
1680
1697
1672
1722
1730
1720
1710
1632
1637
1650
1630
1630
1631
1636
1642
1588
1591
1560
1552
1568
1592
1594
1611
1662
1658
1666
1603
1603
1614
1623
1648
1651
1683
1696
1635
1709
1691
1718
1773
1772
1692
1661
1652
1646
1589
1534
1534
1530
1536
1555
1580
1546
1539
1556
1539
1516
1487
1483
1501
1597
1591
1633
1634
1613
1551
1494
1559
1557
1635
1662
1610
1637
1618
1646
1616
1683
1682
1636
1617
1678
1673
1711
1698
1705
1701
1739
1771
1776
1788
1788
1814
1814
1800
1747
1654
1674
1308
1434
1429
1436
1455
1474
1473
1499
1505
1536
1550
1508
1541
1529
1517
1562
1595
1586
1548
1555
1583
1600
1632
1617
1597
1630
1626
1617
1623
1659
1677
1679
1708
1722
1740
1682
1667
1622
1628
1660
1618
1589
1579
1558
1602
1598
1553
1567
1611
1577
1652
1588
1560
1569
1625
1625
1612
1622
1673
1713
1651
1745
1694
1709
1673
1647
1611
1601
1600
1617
1586
1578
1664
1718
1768
1751
1742
1766
1737
1776
1868
1897
1917
1916
1911
1911
1894
1871
1872
1846
1832
1718
1737
1715
1715
1702
1711
1704
1670
1678
1646
1646
1648
1671
1645
1634
1635
1635
1660
1588
1578
1580
1593
1623
1608
1635
1642
1646
1624
1663
1671
1672
1625
1616
1683
1719
1713
1746
1807
1803
1807
1744
1732
1773
1676
1735
1747
1762
1740
1746
1732
1713
1712
1736
1628
1602
1577
1613
1626
1605
1596
1594
1620
1574
1515
1615
1683
1724
1724
1745
1702
1742
1743
1755
1700
1727
1753
1753
1797
1738
1788
1679
1686
1640
1655
1688
1654
1635
1690
1723
1716
1699
1660
1653
1734
1725
1715
1623
1615
1638
1630
1619
1619
1610
1575
1551
1556
1547
1490
1518
1502
1601
1601
1568
1534
1496
1460
1515
1532
1502
1526
1514
1515
1590
1537
1569
1550
1542
1575
1577
1613
1653
1685
1682
1679
1685
1645
1654
1654
1641
1668
1661
1657
1659
1639
1666
1659
1590
1587
1602
1607
1630
1630
1628
1607
1592
1604
1605
1585
1620
1595
1597
1571
1603
1638
1653
1656
1627
1649
1654
1656
1653
1697
1691
1692
1665
1676
1626
1643
1582
1565
1548
1561
1689
1550
1528
1539
1540
1554
1610
1636
1594
1589
1601
1601
1670
1644
1635
1595
1605
1611
1592
1627
1588
1568
1640
1616
1613
1657
1653
1657
1669
1696
1753
1769
1699
1693
1747
1744
1743
1732
1740
1740
1764
1757
1737
1739
1742
1779
1813
1771
1763
1762
1759
1756
1764
1745
1747
1762
1766
1759
1691
1638
1619
1627
1698
1647
1642
1600
1648
1639
1627
1682
1661
1698
1699
1713
1687
1666
1689
1666
1598
1602
1589
1586
1611
1611
1621
1624
1654
1640
1626
1590
1612
1620
1614
1623
1683
1711
1675
1709
1739
1795
1692
1744
1711
1704
1680
1682
1649
1637
1622
1561
1568
1539
1527
1543
1537
1520
1520
1577
1577
1657
1659
1674
1710
1743
1747
1767
1704
1567
1525
1513
1510
1510
1520
1531
1554
1554
1665
1652
1659
1662
1672
1659
1661
1626
1626
1632
1626
1626
1624
1645
1663
1647
1673
1687
1693
1732
1670
1712
1702
1700
1705
1751
1748
1738
1747
1754
1773
1787
1775
1770
1775
1744
1748
1724
1637
1688
1699
1681
1659
1665
1658
1607
1645
1613
1628
1669
1704
1733
1746
1716
1671
1690
1669
1640
1634
1621
1639
1663
1664
1617
1616
1623
1623
1622
1607
1625
1626
1662
1687
1694
1749
1730
1716
1668
1634
1621
1623
1618
1600
1605
1498
1493
1526
1514
1505
1570
1533
1534
1562
1524
1541
1565
1532
1570
1570
1483
1503
1503
1573
1573
1498
1529
1521
1522
1502
1495
1464
1494
1494
1472
1491
1550
1551
1530
1578
1581
1600
1618
1770
1763
1752
1733
1711
1692
1708
1718
1723
1698
1690
1669
1643
1624
1621
1587
1563
1529
1527
1492
1488
1496
1499
1496
1550
1544
1542
1578
1595
1567
1563
1547
1586
1575
1593
1614
1651
1624
1621
1678
1656
1688
1678
1695
1710
1722
1692
1656
1680
1703
1703
1719
1755
1767
1773
1773
1735
1699
1766
1775
1781
1837
1795
1718
1689
1694
1637
1592
1486
1524
1527
1483
1468
1465
1440
1483
1484
1472
1567
1450
1433
1436
1475
1449
1476
1479
1460
1509
1470
1485
1505
1503
1468
1521
1538
1530
1541
1519
1544
1573
1544
1563
1573
1497
1525
1560
1560
1502
1505
1529
1609
1513
1534
1505
1532
1555
1532
1514
1556
1572
1576
1582
1644
1542
1542
1542
1584
1614
1613
1614
1611
1634
1643
1641
1659
1655
1683
1666
1696
1658
1702
1704
1701
1705
1705
1609
1572
1570
1624
1636
1590
1567
1634
1628
1621
1621
1570
1601
1612
1599
1609
1632
1584
1502
1505
1508
1527
1502
1487
1456
1435
1451
1472
1483
1435
1434
1503
1521
1520
1514
1497
1488
1562
1546
1544
1537
1533
1563
1560
1533
1569
1601
1569
1569
1530
1504
1550
1530
1531
1548
1507
1507
1480
1516
1516
1525
1572
1627
1564
1567
1578
1576
1591
1601
1615
1648
1513
1479
1536
1510
1484
1492
1533
1498
1489
1489
1500
1499
1518
1508
1500
1550
1539
1601
1575
1588
1651
1645
1639
1605
1595
1606
1588
1582
1655
1729
1704
1708
1743
1743
1767
1762
1657
1670
1684
1622
1646
1617
1541
1544
1575
1529
1543
1548
1539
1566
1640
1651
1617
1650
1587
1585
1575
1643
1589
1566
1579
1559
1543
1536
1626
1656
1674
1688
1723
1733
1668
1693
1674
1682
1692
1689
1655
1551
1541
1533
1520
1532
1578
1598
1630
1612
1613
1595
1580
1617
1628
1629
1616
1635
1638
1655
1633
1657
1632
1667
1684
1658
1669
1722
1765
1766
1767
1794
1776
1712
1712
1705
1740
1671
1665
1739
1731
1730
1730
1669
1667
1667
1697
1713
1704
1675
1787
1732
1772
1785
1776
1729
1741
1731
1762
1698
1629
1604
1593
1649
1649
1552
1563
1525
1598
1619
1602
1667
1649
1676
1649
1640
1610
1551
1551
1551
1603
1591
1594
1717
1690
1636
1626
1574
1571
1584
1597
1509
1544
1566
1527
1570
1558
1558
1585
1585
1606
1634
1622
1640
1682
1744
1511
1510
1518
1575
1549
1668
1611
1598
1557
1630
1591
1626
1613
1619
1598
1620
1652
1648
1625
1617
1624
1638
1640
1580
1522
1580
1597
1638
1629
1625
1678
1695
1795
1755
1752
1691
1688
1692
1602
1558
1564
1604
1750
1722
1725
1732
1822
1849
1728
1691
1724
1756
1755
1767
1755
1710
1721
1824
1856
1653
1655
1610
1617
1688
1714
1714
1744
1793
1761
1619
1620
1625
1308
1322
1380
1352
1343
1450
1458
1458
1493
1456
1524
1579
1543
1542
1579
1555
1606
1613
1534
1503
1536
1557
1490
1493
1510
1508
1512
1485
1497
1477
1444
1486
1550
1552
1564
1568
1583
1547
1599
1644
1706
1745
1734
1735
1696
1695
1632
1637
1655
1649
1654
1651
1655
1700
1682
1699
1704
1698
1682
1741
1748
1720
1729
1722
1657
1672
1677
1653
1650
1658
1672
1651
1654
1676
1687
1638
1641
1647
1652
1642
1555
1563
1594
1592
1573
1589
1607
1657
1661
1639
1638
1633
1632
1621
1627
1641
1609
1623
1653
1669
1635
1650
1651
1650
1651
1688
1783
1787
1746
1664
1602
1586
1575
1588
1606
1606
1571
1553
1550
1632
1634
1621
1654
1688
1703
1703
1722
1741
1791
1809
1751
1744
1732
1742
1744
1751
1774
1786
1784
1763
1762
1772
1800
1766
1742
1754
1711
1736
1735
1735
1736
1773
1751
1711
1679
1675
1682
1689
1651
1653
1776
1756
1756
1750
1751
1815
1746
1614
1592
1608
1638
1634
1619
1631
1630
1602
1543
1540
1522
1508
1515
1481
1516
1609
1683
1666
1655
1642
1693
1685
1707
1746
1713
1730
1614
1581
1580
1511
1523
1576
1532
1531
1514
1520
1514
1564
1564
1600
1661
1611
1592
1550
1634
1637
1663
1671
1678
1716
1696
1692
1723
1749
1857
1765
1828
1850
1778
1818
1846
1858
1852
1777
1729
1690
1675
1713
1551
1727
1665
1721
1744
1735
1656
1557
1565
1584
1645
1650
1652
1679
1694
1668
1792
1810
1744
1737
1681
1675
1626
1629
1541
1590
1608
1582
1620
1681
1690
1610
1609
1540
1612
1584
1611
1771
1686
1543
1552
1610
1566
1590
1445
1394
1362
1390
1456
1485
1543
1444
1452
1462
1417
1309
1306
1286
1295
1301
1289
1289
1355
1708
1468
1368
1372
1335
1317
1331
1343
1388
1399
1287
1349
1398
1330
1330
1408
1411
1458
1341
1323
1321
1291
1324
1308
1302
1296
1364
1272
1272
1259
1262
1296
1313
1301
1306
1303
1305
1354
1298
1286
1308
1312
1294
1282
1277
1299
1296
1291
1329
1306
1294
1291
1307
1308
1285
1280
1316
1316
1310
1314
1292
1289
1255
1259
1304
1298
1278
1257
1304
1305
1299
1291
1304
1250
1267
1293
1280
1280
1300
1313
1302
1306
1299
1297
1283
1294
1307
1226
1204
1223
1270
1282
1303
1284
1301
1308
1301
1304
1285
1308
1298
1289
1298
1299
1272
1271
1291
1307
1293
1304
1307
1299
1251
1171
1223
1212
1296
1304
1305
1302
1286
1255
1297
1280
1296
1268
1301
1301
1305
1308
1303
1301
1298
1281
1292
1274
1287
1280
1275
1268
1283
1234
1256
1293
1287
1294
1305
1289
1269
1265
1290
1305
1301
1295
1304
1300
1284
1254
1272
1282
1244
1294
1304
1290
1278
1270
1300
1264
1292
1299
1307
1301
1291
1293
1293
1308
1305
1306
1302
1291
1296
1293
1300
1295
1295
1299
1281
1308
1283
1265
1272
1273
1283
1273
1234
1238
1197
1244
1235
1272
1307
1296
1279
1289
1303
1257
1276
1268
1301
1304
1308
1261
1242
1283
1294
1300
1295
1286
1288
1287
1233
1221
1308
1303
1291
1281
1295
1236
1297
1298
1257
1305
1305
1286
1308
1307
1303
1248
1278
1278
1286
1267
1307
1267
1304
1274
1279
1282
1303
1303
1304
1291
1308
1300
1296
1301
1280
1280
1281
1305
1274
1301
1303
1289
1264
1287
1282
1302
1298
1299
1298
1280
1302
1290
1307
1294
1307
1271
1289
1289
1264
1260
1273
1295
1308
1282
1267
1303
1284
1285
1293
1288
1244
1248
1246
1239
1290
1256
1282
1279
1238
1302
1304
1292
1307
1296
1301
1303
1305
1299
1308
1308
1285
1277
1275
1306
1281
1246
1302
1296
1250
1276
1297
1278
1294
1286
1296
1307
1295
1278
1288
1296
1292
1305
1301
1276
1274
1263
1254
1305
1305
1305
1280
1302
1283
1230
1283
1290
1276
1272
1305
1308
1296
1305
1295
1297
1251
1303
1294
1282
1307
1300
1300
1272
1297
1299
1282
1304
1297
1306
1304
1274
1306
1280
1282
1285
1282
1308
1304
1266
1233
1278
1229
1251
1281
1268
1292
1293
1307
1307
1298
1307
1307
1292
1245
1218
1230
1257
1239
1224
1228
1260
1260
1266
1292
1297
1275
1278
1301
1300
1301
1305
1269
1308
1304
1302
1307
1291
1277
1298
1262
1262
1247
1277
1307
1301
1303
1308
1255
1286
1305
1308
1292
1298
1304
1304
1288
1304
1269
1308
1296
1267
1292
1292
1296
1308
1305
1295
1306
1298
1301
1260
1304
1307
1304
1292
1302
1298
1264
1239
1243
1251
1293
1239
1239
1167
1225
1306
1287
1294
1302
1299
1273
1297
1299
1270
1307
1263
1252
1285
1262
1255
1274
1272
1303
1290
1307
1303
1306
1305
1298
1281
1281
1296
1262
1266
1292
1308
1298
1276
1278
1306
1292
1299
1299
1288
1298
1300
1301
1307
1300
1300
1307
1281
1308
1297
1292
1284
1289
1268
1265
1283
1304
1290
1284
1308
1292
1306
1260
1251
1292
1300
1307
1294
1290
1297
1305
1292
1295
1297
1289
1289
1281
1307
1296
1295
1305
1279
1284
1284
1252
1300
1292
1304
1301
1271
1301
1281
1305
1284
1284
1304
1282
1273
1305
1295
1302
1302
1303
1307
1289
1235
1298
1306
1292
1262
1297
1303
1304
1264
1257
1266
1273
1306
1291
1297
1289
1302
1282
1255
1296
1288
1305
1295
1306
1277
1307
1307
1307
1302
1296
1295
1284
1298
1301
1269
1291
1308
1211
1189
1244
1211
1308
1282
1302
1306
1294
1276
1277
1298
1293
1295
1270
1287
1285
1279
1300
1300
1308
1298
1305
1281
1294
1285
1301
1301
1235
1238
1283
1300
1284
1280
1295
1274
1279
1287
1302
1296
1282
1291
1307
1289
1295
1296
1284
1305
1298
1295
1295
1306
1306
1306
1207
1251
1296
1296
1250
1268
1246
1308
1308
1303
1267
1235
1306
1299
1263
1251
1308
1290
1297
1303
1293
1297
1301
1280
1285
1296
1303
1306
1296
1283
1274
1272
1307
1299
1306
1256
1256
1298
1292
1304
